1683830758357 28292.16970320552 0
1683830758357 24104.155525477217 0
1683830758358 20632.083154150958 0
1683830758358 17849.179709365042 0
1683830758360 15554.53667924682 0
1683830758362 13670.946380461804 0
1683830758363 12103.339399064522 0
1683830758363 10823.883506183225 0
1683830758364 9696.234044766965 0
1683830758364 8799.96720469014 0
1683830758365 8049.17923957936 0
1683830758366 7371.475850403235 0
1683830758366 6827.123140898177 0
1683830758367 6352.322496803432 0
1683830758367 5924.1743858264 0
1683830758368 5556.282430593783 0
1683830758368 5260.10442357944 0
1683830758369 4992.072770862426 0
1683830758370 4732.643239683117 0
1683830758370 4513.319981955885 0
1683830758371 4288.811515361497 0
1683830758371 4123.221276706489 0
1683830758372 3982.0114691937247 0
1683830758372 3815.526321180921 0
1683830758373 3704.2187143290676 0
1683830758373 3581.080820525493 0
1683830758374 3457.8381421828294 0
1683830758374 3349.09322741357 0
1683830758375 3244.33122240903 0
1683830758375 3168.7816187317403 0
1683830758376 3084.161352152888 0
1683830758377 3006.3991102612986 0
1683830758377 2921.4461301877523 0
1683830758378 2876.435878721386 0
1683830758378 2829.894758694324 0
1683830758379 2773.9232848999022 0
1683830758380 2702.1856400837232 0
1683830758380 2658.9501814002833 0
1683830758381 2611.7083813108184 0
1683830758381 2584.163739918185 0
1683830758382 2543.431139111099 0
1683830758383 2519.739228523348 0
1683830758383 2493.837974291224 0
1683830758384 2466.5154836222864 0
1683830758384 2447.54222542288 0
1683830758385 2425.131622986766 0
1683830758386 2376.174372248425 0
1683830758386 2349.2145735451813 0
1683830758387 2329.3203431963707 0
1683830758387 2305.8043607420414 0
1683830758388 2277.2907671125804 0
1683830758389 2258.58062705752 0
1683830758389 2235.1438639877024 0
1683830758390 2214.231398263811 0
1683830758390 2193.1489493832346 0
1683830758391 2163.0134744842303 0
1683830758391 2143.4256087451663 0
1683830758392 2128.6086719052028 0
1683830758392 2109.101841472459 0
1683830758393 2096.290962898205 0
1683830758393 2076.661826073029 0
1683830758395 2047.785647575673 0
1683830758396 2025.4449783051414 0
1683830758396 2011.614511521995 0
1683830758397 2002.7003776086126 0
1683830758397 1988.4603857309098 0
1683830758398 1973.4414815003906 0
1683830758398 1950.7134218351948 0
1683830758399 1939.583105947394 0
1683830758400 1926.8953026807594 0
1683830758400 1915.7932323839782 0
1683830758401 1898.7637640603084 0
1683830758402 1890.6936868006162 0
1683830758403 1879.1197618571668 0
1683830758404 1863.626946816656 0
1683830758405 1856.8575503210268 0
1683830758406 1849.6712009981268 0
1683830758406 1843.712507475869 0
1683830758407 1836.9963689211975 0
1683830758408 1829.7478593600608 0
1683830758409 1817.8557578887155 0
1683830758409 1806.3705395195825 0
1683830758410 1799.2202210383182 0
1683830758411 1768.937608659998 0
1683830758411 1751.8361578954175 0
1683830758412 1746.6872950478537 0
1683830758413 1736.5242931832968 0
1683830758413 1725.7569498853677 0
1683830758414 1717.1131519965916 0
1683830758415 1703.7977732236607 0
1683830758415 1700.3477033064405 0
1683830758416 1680.741519003374 0
1683830758416 1675.3040727677346 0
1683830758417 1672.0334184199742 0
1683830758417 1666.0116871103705 0
1683830758418 1644.4036860747099 0
1683830758418 1640.639607521044 0
1683830758419 1633.8527729210505 0
1683830758420 1625.2378970248685 0
1683830758420 1612.8753270849581 0
