1683828013379 28292.16970320552 0
1683828013380 24104.155525477217 0
1683828013380 20632.083154150958 0
1683828013381 17849.179709365042 0
1683828013382 15554.53667924682 0
1683828013382 13670.946380461804 0
1683828013383 12103.339399064522 0
1683828013383 10823.883506183225 0
1683828013384 9696.234044766965 0
1683828013384 8799.96720469014 0
1683828013385 8049.17923957936 0
1683828013385 7371.475850403235 0
1683828013386 6827.123140898177 0
1683828013386 6352.322496803432 0
1683828013387 5924.1743858264 0
1683828013387 5556.282430593783 0
1683828013388 5260.10442357944 0
1683828013388 4992.072770862426 0
1683828013389 4732.643239683117 0
1683828013389 4513.319981955885 0
1683828013389 4288.811515361497 0
1683828013390 4123.221276706489 0
1683828013390 3982.0114691937247 0
1683828013391 3815.526321180921 0
1683828013391 3704.2187143290676 0
1683828013392 3581.080820525493 0
1683828013392 3457.8381421828294 0
1683828013393 3349.09322741357 0
1683828013393 3244.33122240903 0
1683828013394 3168.7816187317403 0
1683828013395 3084.161352152888 0
1683828013395 3006.3991102612986 0
1683828013396 2921.4461301877523 0
1683828013397 2876.435878721386 0
1683828013397 2829.894758694324 0
1683828013398 2773.9232848999022 0
1683828013398 2702.1856400837232 0
1683828013399 2658.9501814002833 0
1683828013400 2611.7083813108184 0
1683828013401 2584.163739918185 0
1683828013402 2543.431139111099 0
1683828013402 2519.739228523348 0
1683828013403 2493.837974291224 0
1683828013403 2466.5154836222864 0
1683828013404 2447.54222542288 0
1683828013404 2425.131622986766 0
1683828013405 2376.174372248425 0
1683828013406 2349.2145735451813 0
1683828013406 2329.3203431963707 0
1683828013407 2305.8043607420414 0
1683828013407 2277.2907671125804 0
1683828013408 2258.58062705752 0
1683828013408 2235.1438639877024 0
1683828013409 2214.231398263811 0
1683828013409 2193.1489493832346 0
1683828013410 2163.0134744842303 0
1683828013410 2143.4256087451663 0
1683828013411 2128.6086719052028 0
1683828013411 2109.101841472459 0
1683828013412 2096.290962898205 0
1683828013412 2076.661826073029 0
1683828013413 2047.785647575673 0
1683828013413 2025.4449783051414 0
1683828013414 2011.614511521995 0
1683828013414 2002.7003776086126 0
1683828013415 1988.4603857309098 0
1683828013415 1973.4414815003906 0
1683828013416 1950.7134218351948 0
1683828013417 1939.583105947394 0
1683828013417 1926.8953026807594 0
1683828013418 1915.7932323839782 0
1683828013419 1898.7637640603084 0
1683828013420 1890.6936868006162 0
1683828013420 1879.1197618571668 0
1683828013421 1863.626946816656 0
1683828013421 1856.8575503210268 0
1683828013422 1849.6712009981268 0
1683828013423 1843.712507475869 0
1683828013423 1836.9963689211975 0
1683828013424 1829.7478593600608 0
1683828013425 1817.8557578887155 0
1683828013426 1806.3705395195825 0
1683828013426 1799.2202210383182 0
1683828013427 1768.937608659998 0
1683828013427 1751.8361578954175 0
1683828013428 1746.6872950478537 0
1683828013428 1736.5242931832968 0
1683828013429 1725.7569498853677 0
1683828013429 1717.1131519965916 0
1683828013430 1703.7977732236607 0
1683828013430 1700.3477033064405 0
1683828013431 1680.741519003374 0
1683828013431 1675.3040727677346 0
1683828013432 1672.0334184199742 0
1683828013432 1666.0116871103705 0
1683828013433 1644.4036860747099 0
1683828013433 1640.639607521044 0
1683828013434 1633.8527729210505 0
1683828013434 1625.2378970248685 0
1683828013435 1612.8753270849581 0
