1683832695613 28292.16970320552 0
1683832695617 24104.155525477217 0
1683832695621 20632.083154150958 0
1683832695625 17849.179709365042 0
1683832695629 15554.53667924682 0
1683832695633 13670.946380461804 0
1683832695637 12103.339399064522 0
1683832695641 10823.883506183225 0
1683832695645 9696.234044766965 0
1683832695649 8799.96720469014 0
1683832695653 8049.17923957936 0
1683832695657 7371.475850403235 0
1683832695661 6827.123140898177 0
1683832695665 6352.322496803432 0
1683832695669 5924.1743858264 0
1683832695673 5556.282430593783 0
1683832695677 5260.10442357944 0
1683832695681 4992.072770862426 0
1683832695684 4732.643239683117 0
1683832695688 4513.319981955885 0
1683832695692 4288.811515361497 0
1683832695697 4123.221276706489 0
1683832695700 3982.0114691937247 0
1683832695704 3815.526321180921 0
1683832695708 3704.2187143290676 0
1683832695712 3581.080820525493 0
1683832695716 3457.8381421828294 0
1683832695720 3349.09322741357 0
1683832695724 3244.33122240903 0
1683832695728 3168.7816187317403 0
1683832695732 3084.161352152888 0
1683832695736 3006.3991102612986 0
1683832695739 2921.4461301877523 0
1683832695743 2876.435878721386 0
1683832695747 2829.894758694324 0
1683832695751 2773.9232848999022 0
1683832695755 2702.1856400837232 0
1683832695759 2658.9501814002833 0
1683832695763 2611.7083813108184 0
1683832695767 2584.163739918185 0
1683832695771 2543.431139111099 0
1683832695774 2519.739228523348 0
1683832695778 2493.837974291224 0
1683832695782 2466.5154836222864 0
1683832695786 2447.54222542288 0
1683832695790 2425.131622986766 0
1683832695794 2376.174372248425 0
1683832695798 2349.2145735451813 0
1683832695802 2329.3203431963707 0
1683832695806 2305.8043607420414 0
1683832695809 2277.2907671125804 0
1683832695814 2258.58062705752 0
1683832695818 2235.1438639877024 0
1683832695822 2214.231398263811 0
1683832695826 2193.1489493832346 0
1683832695830 2163.0134744842303 0
1683832695834 2143.4256087451663 0
1683832695838 2128.6086719052028 0
1683832695843 2109.101841472459 0
1683832695849 2096.290962898205 0
1683832695853 2076.661826073029 0
1683832695857 2047.785647575673 0
1683832695862 2025.4449783051414 0
1683832695866 2011.614511521995 0
1683832695871 2002.7003776086126 0
1683832695876 1988.4603857309098 0
1683832695880 1973.4414815003906 0
1683832695885 1950.7134218351948 0
1683832695890 1939.583105947394 0
1683832695894 1926.8953026807594 0
1683832695899 1915.7932323839782 0
1683832695903 1898.7637640603084 0
1683832695907 1890.6936868006162 0
1683832695911 1879.1197618571668 0
1683832695915 1863.626946816656 0
1683832695919 1856.8575503210268 0
1683832695924 1849.6712009981268 0
1683832695928 1843.712507475869 0
1683832695931 1836.9963689211975 0
1683832695935 1829.7478593600608 0
1683832695940 1817.8557578887155 0
1683832695944 1806.3705395195825 0
1683832695948 1799.2202210383182 0
1683832695952 1768.937608659998 0
1683832695956 1751.8361578954175 0
1683832695960 1746.6872950478537 0
1683832695964 1736.5242931832968 0
1683832695968 1725.7569498853677 0
1683832695972 1717.1131519965916 0
1683832695976 1703.7977732236607 0
1683832695980 1700.3477033064405 0
1683832695984 1680.741519003374 0
1683832695988 1675.3040727677346 0
1683832695992 1672.0334184199742 0
1683832695996 1666.0116871103705 0
1683832695999 1644.4036860747099 0
1683832696003 1640.639607521044 0
1683832696007 1633.8527729210505 0
1683832696011 1625.2378970248685 0
1683832696015 1612.8753270849581 0
