1683830226837 28292.16970320552 0
1683830226838 24104.155525477217 0
1683830226838 20632.083154150958 0
1683830226839 17849.179709365042 0
1683830226839 15554.53667924682 0
1683830226840 13670.946380461804 0
1683830226840 12103.339399064522 0
1683830226841 10823.883506183225 0
1683830226841 9696.234044766965 0
1683830226842 8799.96720469014 0
1683830226842 8049.17923957936 0
1683830226843 7371.475850403235 0
1683830226844 6827.123140898177 0
1683830226844 6352.322496803432 0
1683830226845 5924.1743858264 0
1683830226845 5556.282430593783 0
1683830226846 5260.10442357944 0
1683830226847 4992.072770862426 0
1683830226847 4732.643239683117 0
1683830226848 4513.319981955885 0
1683830226848 4288.811515361497 0
1683830226849 4123.221276706489 0
1683830226850 3982.0114691937247 0
1683830226850 3815.526321180921 0
1683830226851 3704.2187143290676 0
1683830226851 3581.080820525493 0
1683830226852 3457.8381421828294 0
1683830226853 3349.09322741357 0
1683830226853 3244.33122240903 0
1683830226854 3168.7816187317403 0
1683830226854 3084.161352152888 0
1683830226855 3006.3991102612986 0
1683830226856 2921.4461301877523 0
1683830226856 2876.435878721386 0
1683830226857 2829.894758694324 0
1683830226858 2773.9232848999022 0
1683830226859 2702.1856400837232 0
1683830226859 2658.9501814002833 0
1683830226860 2611.7083813108184 0
1683830226860 2584.163739918185 0
1683830226861 2543.431139111099 0
1683830226862 2519.739228523348 0
1683830226862 2493.837974291224 0
1683830226863 2466.5154836222864 0
1683830226863 2447.54222542288 0
1683830226864 2425.131622986766 0
1683830226864 2376.174372248425 0
1683830226865 2349.2145735451813 0
1683830226866 2329.3203431963707 0
1683830226867 2305.8043607420414 0
1683830226867 2277.2907671125804 0
1683830226868 2258.58062705752 0
1683830226869 2235.1438639877024 0
1683830226869 2214.231398263811 0
1683830226870 2193.1489493832346 0
1683830226870 2163.0134744842303 0
1683830226871 2143.4256087451663 0
1683830226872 2128.6086719052028 0
1683830226872 2109.101841472459 0
1683830226873 2096.290962898205 0
1683830226874 2076.661826073029 0
1683830226874 2047.785647575673 0
1683830226875 2025.4449783051414 0
1683830226875 2011.614511521995 0
1683830226876 2002.7003776086126 0
1683830226876 1988.4603857309098 0
1683830226877 1973.4414815003906 0
1683830226878 1950.7134218351948 0
1683830226878 1939.583105947394 0
1683830226879 1926.8953026807594 0
1683830226879 1915.7932323839782 0
1683830226880 1898.7637640603084 0
1683830226881 1890.6936868006162 0
1683830226881 1879.1197618571668 0
1683830226882 1863.626946816656 0
1683830226883 1856.8575503210268 0
1683830226883 1849.6712009981268 0
1683830226884 1843.712507475869 0
1683830226885 1836.9963689211975 0
1683830226886 1829.7478593600608 0
1683830226886 1817.8557578887155 0
1683830226887 1806.3705395195825 0
1683830226888 1799.2202210383182 0
1683830226888 1768.937608659998 0
1683830226889 1751.8361578954175 0
1683830226889 1746.6872950478537 0
1683830226890 1736.5242931832968 0
1683830226891 1725.7569498853677 0
1683830226891 1717.1131519965916 0
1683830226892 1703.7977732236607 0
1683830226892 1700.3477033064405 0
1683830226893 1680.741519003374 0
1683830226894 1675.3040727677346 0
1683830226894 1672.0334184199742 0
1683830226895 1666.0116871103705 0
1683830226896 1644.4036860747099 0
1683830226898 1640.639607521044 0
1683830226899 1633.8527729210505 0
1683830226900 1625.2378970248685 0
1683830226901 1612.8753270849581 0
