1683832305561 28292.16970320552 0
1683832305565 24104.155525477217 0
1683832305569 20632.083154150958 0
1683832305573 17849.179709365042 0
1683832305577 15554.53667924682 0
1683832305584 13670.946380461804 0
1683832305588 12103.339399064522 0
1683832305592 10823.883506183225 0
1683832305596 9696.234044766965 0
1683832305600 8799.96720469014 0
1683832305604 8049.17923957936 0
1683832305608 7371.475850403235 0
1683832305612 6827.123140898177 0
1683832305616 6352.322496803432 0
1683832305620 5924.1743858264 0
1683832305624 5556.282430593783 0
1683832305642 5260.10442357944 0
1683832305646 4992.072770862426 0
1683832305650 4732.643239683117 0
1683832305654 4513.319981955885 0
1683832305657 4288.811515361497 0
1683832305662 4123.221276706489 0
1683832305665 3982.0114691937247 0
1683832305669 3815.526321180921 0
1683832305674 3704.2187143290676 0
1683832305678 3581.080820525493 0
1683832305682 3457.8381421828294 0
1683832305686 3349.09322741357 0
1683832305690 3244.33122240903 0
1683832305693 3168.7816187317403 0
1683832305698 3084.161352152888 0
1683832305701 3006.3991102612986 0
1683832305705 2921.4461301877523 0
1683832305709 2876.435878721386 0
1683832305717 2829.894758694324 0
1683832305721 2773.9232848999022 0
1683832305728 2702.1856400837232 0
1683832305732 2658.9501814002833 0
1683832305736 2611.7083813108184 0
1683832305740 2584.163739918185 0
1683832305744 2543.431139111099 0
1683832305748 2519.739228523348 0
1683832305752 2493.837974291224 0
1683832305756 2466.5154836222864 0
1683832305760 2447.54222542288 0
1683832305765 2425.131622986766 0
1683832305770 2376.174372248425 0
1683832305774 2349.2145735451813 0
1683832305778 2329.3203431963707 0
1683832305782 2305.8043607420414 0
1683832305787 2277.2907671125804 0
1683832305791 2258.58062705752 0
1683832305795 2235.1438639877024 0
1683832305799 2214.231398263811 0
1683832305804 2193.1489493832346 0
1683832305809 2163.0134744842303 0
1683832305813 2143.4256087451663 0
1683832305818 2128.6086719052028 0
1683832305822 2109.101841472459 0
1683832305827 2096.290962898205 0
1683832305831 2076.661826073029 0
1683832305835 2047.785647575673 0
1683832305839 2025.4449783051414 0
1683832305843 2011.614511521995 0
1683832305847 2002.7003776086126 0
1683832305851 1988.4603857309098 0
1683832305862 1973.4414815003906 0
1683832305866 1950.7134218351948 0
1683832305870 1939.583105947394 0
1683832305874 1926.8953026807594 0
1683832305878 1915.7932323839782 0
1683832305883 1898.7637640603084 0
1683832305887 1890.6936868006162 0
1683832305891 1879.1197618571668 0
1683832305895 1863.626946816656 0
1683832305899 1856.8575503210268 0
1683832305903 1849.6712009981268 0
1683832305907 1843.712507475869 0
1683832305911 1836.9963689211975 0
1683832305915 1829.7478593600608 0
1683832305919 1817.8557578887155 0
1683832305923 1806.3705395195825 0
1683832305927 1799.2202210383182 0
1683832305931 1768.937608659998 0
1683832305935 1751.8361578954175 0
1683832305939 1746.6872950478537 0
1683832305943 1736.5242931832968 0
1683832305958 1725.7569498853677 0
1683832305962 1717.1131519965916 0
1683832305966 1703.7977732236607 0
1683832305971 1700.3477033064405 0
1683832305976 1680.741519003374 0
1683832305981 1675.3040727677346 0
1683832305985 1672.0334184199742 0
1683832305989 1666.0116871103705 0
1683832305993 1644.4036860747099 0
1683832305997 1640.639607521044 0
1683832306001 1633.8527729210505 0
1683832306005 1625.2378970248685 0
1683832306008 1612.8753270849581 0
