1683834102817 28292.16970320552 0
1683834102822 24104.155525477217 0
1683834102827 20632.083154150958 0
1683834102832 17849.179709365042 0
1683834102836 15554.53667924682 0
1683834102841 13670.946380461804 0
1683834102846 12103.339399064522 0
1683834102851 10823.883506183225 0
1683834102856 9696.234044766965 0
1683834102861 8799.96720469014 0
1683834102865 8049.17923957936 0
1683834102870 7371.475850403235 0
1683834102875 6827.123140898177 0
1683834102881 6352.322496803432 0
1683834102885 5924.1743858264 0
1683834102890 5556.282430593783 0
1683834102895 5260.10442357944 0
1683834102899 4992.072770862426 0
1683834102906 4732.643239683117 0
1683834102912 4513.319981955885 0
1683834102916 4288.811515361497 0
1683834102921 4123.221276706489 0
1683834102926 3982.0114691937247 0
1683834102930 3815.526321180921 0
1683834102935 3704.2187143290676 0
1683834102939 3581.080820525493 0
1683834102944 3457.8381421828294 0
1683834102949 3349.09322741357 0
1683834102954 3244.33122240903 0
1683834102959 3168.7816187317403 0
1683834102964 3084.161352152888 0
1683834102968 3006.3991102612986 0
1683834102975 2921.4461301877523 0
1683834102979 2876.435878721386 0
1683834102984 2829.894758694324 0
1683834102990 2773.9232848999022 0
1683834102994 2702.1856400837232 0
1683834102999 2658.9501814002833 0
1683834103005 2611.7083813108184 0
1683834103012 2584.163739918185 0
1683834103016 2543.431139111099 0
1683834103021 2519.739228523348 0
1683834103026 2493.837974291224 0
1683834103030 2466.5154836222864 0
1683834103035 2447.54222542288 0
1683834103040 2425.131622986766 0
1683834103044 2376.174372248425 0
1683834103048 2349.2145735451813 0
1683834103053 2329.3203431963707 0
1683834103058 2305.8043607420414 0
1683834103062 2277.2907671125804 0
1683834103067 2258.58062705752 0
1683834103071 2235.1438639877024 0
1683834103076 2214.231398263811 0
1683834103080 2193.1489493832346 0
1683834103085 2163.0134744842303 0
1683834103090 2143.4256087451663 0
1683834103094 2128.6086719052028 0
1683834103099 2109.101841472459 0
1683834103104 2096.290962898205 0
1683834103110 2076.661826073029 0
1683834103114 2047.785647575673 0
1683834103119 2025.4449783051414 0
1683834103125 2011.614511521995 0
1683834103130 2002.7003776086126 0
1683834103135 1988.4603857309098 0
1683834103140 1973.4414815003906 0
1683834103144 1950.7134218351948 0
1683834103149 1939.583105947394 0
1683834103153 1926.8953026807594 0
1683834103158 1915.7932323839782 0
1683834103163 1898.7637640603084 0
1683834103167 1890.6936868006162 0
1683834103172 1879.1197618571668 0
1683834103177 1863.626946816656 0
1683834103181 1856.8575503210268 0
1683834103185 1849.6712009981268 0
1683834103190 1843.712507475869 0
1683834103194 1836.9963689211975 0
1683834103199 1829.7478593600608 0
1683834103204 1817.8557578887155 0
1683834103208 1806.3705395195825 0
1683834103213 1799.2202210383182 0
1683834103218 1768.937608659998 0
1683834103223 1751.8361578954175 0
1683834103228 1746.6872950478537 0
1683834103232 1736.5242931832968 0
1683834103237 1725.7569498853677 0
1683834103242 1717.1131519965916 0
1683834103246 1703.7977732236607 0
1683834103251 1700.3477033064405 0
1683834103257 1680.741519003374 0
1683834103261 1675.3040727677346 0
1683834103265 1672.0334184199742 0
1683834103269 1666.0116871103705 0
1683834103274 1644.4036860747099 0
1683834103278 1640.639607521044 0
1683834103283 1633.8527729210505 0
1683834103287 1625.2378970248685 0
1683834103292 1612.8753270849581 0
